0 0.6296875 0.1859375 0.23828125 0.2546875
0 0.7921875 0.45234375 0.24375 0.31015625
0 0.9109375 0.20078125 0.15234375 0.27578125
0 0.78828125 0.17421875 0.04921875 0.06171875
0 0.38125 0.15625 0.11328125 0.14453125
0 0.2515625 0.23515625 0.0828125 0.10078125
0 0.42421875 0.36015625 0.221875 0.28671875
0 0.08046875 0.3015625 0.1609375 0.20234375
0 0.034375 0.465625 0.06875 0.125
0 0.58125 0.58671875 0.246875 0.3171875
0 0.8515625 0.8171875 0.275 0.3328125
0 0.4640625 0.84921875 0.2359375 0.278125
0 0.13515625 0.90234375 0.2453125 0.15859375
0 0.2453125 0.6 0.278125 0.35390625
0 0.18984375 0.403125 0.02734375 0.02734375