0 0.6296875 0.8140625 0.23828125 0.2546875
0 0.7921875 0.54765625 0.24375 0.31015625
0 0.9109375 0.79921875 0.15234375 0.27578125
0 0.78828125 0.82578125 0.04921875 0.06171875
0 0.38125 0.84375 0.11328125 0.14453125
0 0.2515625 0.76484375 0.0828125 0.10078125
0 0.42421875 0.63984375 0.221875 0.28671875
0 0.08046875 0.6984375 0.1609375 0.20234375
0 0.034375 0.534375 0.06875 0.125
0 0.58125 0.41328125 0.246875 0.3171875
0 0.8515625 0.1828125 0.275 0.3328125
0 0.4640625 0.15078125 0.2359375 0.278125
0 0.13515625 0.09765625 0.2453125 0.15859375
0 0.2453125 0.4 0.278125 0.35390625
0 0.18984375 0.596875 0.02734375 0.02734375