0 0.7703125 0.775 0.26484375 0.37890625
0 0.45859375 0.86484375 0.1890625 0.2703125
0 0.3484375 0.859375 0.07109375 0.1046875
0 0.22109375 0.9140625 0.1859375 0.17109375
0 0.165625 0.734375 0.17265625 0.259375
0 0.04765625 0.85390625 0.0953125 0.25
0 0.54921875 0.61640625 0.26640625 0.4
0 0.9046875 0.509375 0.190625 0.315625
0 0.74296875 0.93203125 0.02890625 0.05
0 0.85390625 0.925 0.02578125 0.0359375
0 0.26875 0.70703125 0.0234375 0.03828125
0 0.3609375 0.6984375 0.03046875 0.0453125
0 0.18515625 0.90703125 0.0171875 0.03359375
0 0.73671875 0.475 0.15234375 0.21640625
0 0.4 0.5140625 0.05703125 0.07109375
0 0.3046875 0.5984375 0.18125 0.27890625
0 0.13515625 0.51171875 0.1875 0.26171875
0 0.9046875 0.12578125 0.190625 0.2421875
0 0.959375 0.29765625 0.08125 0.15234375
0 0.68515625 0.2109375 0.23984375 0.35
0 0.41875 0.309375 0.25703125 0.3765625
0 0.20078125 0.27734375 0.16015625 0.2453125
0 0.5921875 0.084375 0.021875 0.0453125
0 0.25078125 0.16640625 0.03828125 0.05234375
0 0.2953125 0.425 0.03828125 0.0640625
0 0.45234375 0.046875 0.1703125 0.09375
0 0.4640625 0.08671875 0.0234375 0.0359375
0 0.27734375 0.08984375 0.1421875 0.1796875
0 0.04765625 0.31796875 0.06953125 0.11171875
0 0.12734375 0.06953125 0.1765625 0.1390625
0 0.07578125 0.13671875 0.04296875 0.05
0 0.88671875 0.96328125 0.1765625 0.0734375