0 0.2296875 0.225 0.26484375 0.37890625
0 0.54140625 0.13515625 0.1890625 0.2703125
0 0.6515625 0.140625 0.07109375 0.1046875
0 0.77890625 0.0859375 0.1859375 0.17109375
0 0.834375 0.265625 0.17265625 0.259375
0 0.95234375 0.14609375 0.0953125 0.25
0 0.45078125 0.38359375 0.26640625 0.4
0 0.0953125 0.490625 0.190625 0.315625
0 0.25703125 0.06796875 0.02890625 0.05
0 0.14609375 0.075 0.02578125 0.0359375
0 0.73125 0.29296875 0.0234375 0.03828125
0 0.6390625 0.3015625 0.03046875 0.0453125
0 0.81484375 0.09296875 0.0171875 0.03359375
0 0.26328125 0.525 0.15234375 0.21640625
0 0.6 0.4859375 0.05703125 0.07109375
0 0.6953125 0.4015625 0.18125 0.27890625
0 0.86484375 0.48828125 0.1875 0.26171875
0 0.0953125 0.87421875 0.190625 0.2421875
0 0.040625 0.70234375 0.08125 0.15234375
0 0.31484375 0.7890625 0.23984375 0.35
0 0.58125 0.690625 0.25703125 0.3765625
0 0.79921875 0.72265625 0.16015625 0.2453125
0 0.4078125 0.915625 0.021875 0.0453125
0 0.74921875 0.83359375 0.03828125 0.05234375
0 0.7046875 0.575 0.03828125 0.0640625
0 0.54765625 0.953125 0.1703125 0.09375
0 0.5359375 0.91328125 0.0234375 0.0359375
0 0.72265625 0.91015625 0.1421875 0.1796875
0 0.95234375 0.68203125 0.06953125 0.11171875
0 0.87265625 0.93046875 0.1765625 0.1390625
0 0.92421875 0.86328125 0.04296875 0.05
0 0.11328125 0.03671875 0.1765625 0.0734375