0 0.67734375 0.178125 0.1203125 0.159375
0 0.36171875 0.1015625 0.1296875 0.1765625
0 0.90859375 0.43046875 0.13359375 0.178125
0 0.19296875 0.44921875 0.10859375 0.14375
0 0.63828125 0.7578125 0.10625 0.16171875
0 0.765625 0.75234375 0.11328125 0.14765625
0 0.95390625 0.696875 0.0921875 0.171875
0 0.44296875 0.39453125 0.1046875 0.128125
0 0.446875 0.521875 0.09453125 0.134375
0 0.775 0.49921875 0.1046875 0.1515625
0 0.76015625 0.07578125 0.1015625 0.1390625
0 0.53984375 0.06015625 0.11484375 0.11953125
0 0.0578125 0.25078125 0.11484375 0.16171875
0 0.16640625 0.259375 0.1015625 0.14140625
0 0.19921875 0.85625 0.10859375 0.1203125
0 0.446875 0.86171875 0.0984375 0.11328125
0 0.94765625 0.215625 0.09765625 0.13828125
0 0.91171875 0.0625 0.06953125 0.09453125
0 0.8234375 0.32734375 0.11484375 0.1625
0 0.5375 0.40390625 0.08203125 0.115625
0 0.3171875 0.225 0.0953125 0.1265625
0 0.484375 0.68671875 0.0921875 0.12265625
0 0.35703125 0.77109375 0.0984375 0.1265625
0 0.625 0.5296875 0.0703125 0.10625
0 0.62265625 0.4234375 0.0578125 0.08828125
0 0.65703125 0.3609375 0.05546875 0.08359375
0 0.534375 0.17890625 0.05546875 0.078125
0 0.7390625 0.6421875 0.0578125 0.0875
0 0.44609375 0.15234375 0.0703125 0.09609375
0 0.22734375 0.11953125 0.08203125 0.11953125
0 0.27890625 0.40546875 0.06875 0.096875
0 0.265625 0.5734375 0.05625 0.08671875
0 0.27734375 0.5125 0.0453125 0.071875
0 0.36796875 0.521875 0.06015625 0.0984375
0 0.53828125 0.5671875 0.0609375 0.08359375
0 0.30546875 0.67265625 0.06875 0.08984375
0 0.534375 0.28671875 0.05625 0.0859375
0 0.69765625 0.496875 0.0609375 0.09765625
0 0.76640625 0.228125 0.07265625 0.11015625
0 0.865625 0.1859375 0.0671875 0.10546875
0 0.91171875 0.596875 0.08671875 0.1078125
0 0.84921875 0.8359375 0.0828125 0.09296875
0 0.4453125 0.2734375 0.0609375 0.0859375
0 0.11640625 0.371875 0.09921875 0.1234375
0 0.10234375 0.703125 0.07734375 0.11484375
0 0.040625 0.6734375 0.0671875 0.10859375
0 0.18125 0.759375 0.0421875 0.06015625
0 0.240625 0.6953125 0.0328125 0.046875
0 0.6234375 0.06953125 0.04296875 0.0546875
0 0.0671875 0.0953125 0.06171875 0.08828125
0 0.33203125 0.3125 0.059375 0.07109375
0 0.26171875 0.3046875 0.0765625 0.10390625
0 0.390625 0.684375 0.0640625 0.08671875
0 0.58984375 0.32421875 0.0640625 0.0765625
0 0.69375 0.88125 0.11484375 0.071875
0 0.79296875 0.6375 0.0671875 0.08203125
0 0.83671875 0.575 0.046875 0.07734375
0 0.96171875 0.5140625 0.0578125 0.0796875
0 0.8984375 0.71640625 0.03203125 0.06015625
0 0.9609375 0.8796875 0.075 0.07265625
0 0.95703125 0.11328125 0.0375 0.05234375
0 0.80859375 0.87734375 0.04296875 0.05234375
0 0.75390625 0.840625 0.04453125 0.0546875
0 0.88046875 0.553125 0.02421875 0.04375
0 0.8578125 0.53359375 0.040625 0.05078125
0 0.75078125 0.56875 0.03359375 0.04921875
0 0.7125 0.575 0.03515625 0.0546875
0 0.646875 0.6640625 0.05703125 0.06171875
0 0.6984375 0.64921875 0.0421875 0.0546875
0 0.5875 0.8515625 0.040625 0.06015625
0 0.63671875 0.86171875 0.0640625 0.07265625
0 0.678125 0.56875 0.05703125 0.0671875
0 0.66171875 0.6171875 0.0390625 0.046875
0 0.71875 0.4328125 0.040625 0.05234375
0 0.671875 0.43671875 0.05390625 0.07421875
0 0.590625 0.4671875 0.0609375 0.07421875
0 0.58046875 0.58828125 0.03515625 0.0546875
0 0.6109375 0.58984375 0.03359375 0.03984375
0 0.54375 0.66484375 0.0421875 0.05625
0 0.528125 0.62109375 0.03671875 0.04921875
0 0.49296875 0.61640625 0.03671875 0.04140625
0 0.46875 0.7875 0.05546875 0.07265625
0 0.96875 0.3203125 0.0625 0.1015625
0 0.90859375 0.27890625 0.03359375 0.04921875
0 0.70078125 0.3828125 0.0421875 0.0578125
0 0.71875 0.33125 0.0390625 0.05625
0 0.6875 0.30390625 0.04453125 0.06328125
0 0.6453125 0.30859375 0.0390625 0.0578125
0 0.71015625 0.2578125 0.05 0.06875
0 0.6609375 0.2625 0.040625 0.03828125
0 0.61328125 0.13125 0.0703125 0.0890625
0 0.66171875 0.06796875 0.04453125 0.0671875
0 0.85703125 0.1078125 0.05 0.0671875
0 0.84765625 0.02734375 0.08984375 0.0546875
0 0.62421875 0.0265625 0.04375 0.0453125
0 0.41015625 0.21328125 0.06484375 0.08203125
0 0.3640625 0.35 0.0421875 0.06171875
0 0.37109375 0.26953125 0.03671875 0.0453125
0 0.2640625 0.03203125 0.05078125 0.0640625
0 0.2140625 0.0296875 0.05 0.059375
0 0.35703125 0.6359375 0.03515625 0.05234375
0 0.27265625 0.17265625 0.03515625 0.046875
0 0.115625 0.1515625 0.07734375 0.1109375
0 0.1109375 0.29453125 0.040625 0.03828125
0 0.21328125 0.53984375 0.05703125 0.06328125
0 0.09453125 0.61640625 0.05546875 0.06015625
0 0.08984375 0.46328125 0.0796875 0.103125
0 0.05390625 0.39375 0.0421875 0.0578125
0 0.01953125 0.3703125 0.0390625 0.11875
0 0.02734375 0.1453125 0.0515625 0.11953125
0 0.13515625 0.0515625 0.10703125 0.103125
0 0.284375 0.75390625 0.0609375 0.078125
0 0.28671875 0.7875 0.0390625 0.0578125
0 0.28203125 0.85078125 0.059375 0.0796875
0 0.48125 0.0640625 0.03359375 0.05234375
0 0.34765625 0.87578125 0.0515625 0.0671875
0 0.1265625 0.83125 0.05703125 0.0796875
0 0.10625 0.81015625 0.053125 0.08203125
0 0.0328125 0.79921875 0.0296875 0.04140625
0 0.01953125 0.52109375 0.0390625 0.1484375
0 0.03671875 0.57265625 0.0734375 0.103125
0 0.0390625 0.05234375 0.03515625 0.0546875
0 0.04609375 0.89296875 0.040625 0.046875
0 0.1078125 0.89765625 0.05546875 0.03828125