0 0.475 0.55390625 0.12421875 0.1671875
0 0.7296875 0.50546875 0.10234375 0.18125
0 0.81171875 0.6296875 0.10234375 0.1375
0 0.92265625 0.55390625 0.09296875 0.140625
0 0.44765625 0.1875 0.1359375 0.1625
0 0.828125 0.12734375 0.12421875 0.16875
0 0.6328125 0.6921875 0.07421875 0.10390625
0 0.9109375 0.890625 0.11328125 0.1484375
0 0.77421875 0.84453125 0.08125 0.1109375
0 0.88125 0.775 0.0546875 0.07421875
0 0.9515625 0.7171875 0.0375 0.05234375
0 0.9 0.26015625 0.1078125 0.1421875
0 0.5859375 0.24765625 0.10390625 0.11640625
0 0.08671875 0.44609375 0.14140625 0.1921875
0 0.125 0.8953125 0.10625 0.16328125
0 0.22421875 0.95625 0.05234375 0.06328125
0 0.24140625 0.53515625 0.0828125 0.12421875
0 0.1875 0.34375 0.0796875 0.09296875
0 0.18984375 0.19609375 0.10078125 0.140625
0 0.3125 0.35234375 0.05703125 0.078125
0 0.3859375 0.4578125 0.03046875 0.04296875
0 0.340625 0.46875 0.04296875 0.05703125
0 0.41640625 0.31171875 0.0546875 0.07421875
0 0.56171875 0.44921875 0.0625 0.08515625
0 0.63671875 0.59765625 0.0453125 0.059375
0 0.6765625 0.77265625 0.04296875 0.0578125
0 0.6375 0.86875 0.05859375 0.08359375
0 0.5109375 0.86484375 0.04765625 0.0671875
0 0.51015625 0.940625 0.0671875 0.07578125
0 0.66328125 0.97265625 0.115625 0.05390625
0 0.30390625 0.65234375 0.05390625 0.07578125
0 0.03828125 0.72890625 0.0546875 0.07421875
0 0.5390625 0.0515625 0.0671875 0.08671875
0 0.6078125 0.03671875 0.06171875 0.07265625
0 0.08828125 0.1875 0.084375 0.12265625
0 0.28046875 0.24765625 0.071875 0.1
0 0.37421875 0.3265625 0.0375 0.05234375
0 0.34140625 0.4125 0.0421875 0.05234375
0 0.43359375 0.7828125 0.05 0.071875
0 0.4 0.653125 0.03984375 0.05
0 0.26875 0.1234375 0.03828125 0.04453125
0 0.02734375 0.83359375 0.0546875 0.10546875
0 0.0328125 0.3359375 0.046875 0.05546875
0 0.03984375 0.27265625 0.053125 0.06328125
0 0.1125 0.0703125 0.05625 0.08125
0 0.1640625 0.06015625 0.03984375 0.06328125
0 0.203125 0.03046875 0.0484375 0.0609375
0 0.43359375 0.3953125 0.04375 0.06328125
0 0.2828125 0.7875 0.05859375 0.08515625
0 0.3421875 0.915625 0.05703125 0.071875
0 0.36953125 0.971875 0.0515625 0.05625
0 0.78203125 0.72421875 0.0484375 0.10234375
0 0.5421875 0.290625 0.05625 0.05703125
0 0.6875 0.32890625 0.0484375 0.0796875
0 0.63203125 0.378125 0.07734375 0.1109375
0 0.61484375 0.4671875 0.0453125 0.06484375
0 0.17578125 0.7140625 0.10625 0.15234375
0 0.19765625 0.60546875 0.06171875 0.078125
0 0.5234375 0.7578125 0.071875 0.10234375
0 0.765625 0.96640625 0.053125 0.0671875
0 0.6890625 0.865625 0.03359375 0.04765625
0 0.56484375 0.9046875 0.0203125 0.03359375
0 0.590625 0.8921875 0.03046875 0.028125
0 0.69296875 0.22265625 0.0515625 0.07578125
0 0.06015625 0.57578125 0.04453125 0.06484375
0 0.0890625 0.62109375 0.034375 0.03671875
0 0.09375 0.66015625 0.02578125 0.03359375
0 0.08203125 0.7265625 0.03828125 0.04765625
0 0.39296875 0.07265625 0.0765625 0.09765625
0 0.31953125 0.0234375 0.0453125 0.046875
0 0.25625 0.434375 0.0484375 0.06640625
0 0.1734375 0.525 0.05625 0.07734375
0 0.93125 0.0890625 0.08828125 0.12734375
0 0.98125 0.3015625 0.0375 0.12734375
0 0.8203125 0.3171875 0.0671875 0.1015625
0 0.77578125 0.35390625 0.0296875 0.0515625
0 0.88359375 0.43203125 0.06171875 0.0828125
0 0.9484375 0.44453125 0.05703125 0.08671875
0 0.02421875 0.93828125 0.0484375 0.0703125
0 0.08125 0.9109375 0.02421875 0.03203125
0 0.10859375 0.7953125 0.03984375 0.0578125
0 0.18984375 0.8671875 0.03046875 0.04921875
0 0.29375 0.93125 0.0453125 0.065625
0 0.346875 0.8609375 0.1234375 0.1640625
0 0.37890625 0.74140625 0.02890625 0.0375
0 0.3453125 0.75 0.02890625 0.040625
0 0.265625 0.84453125 0.0328125 0.04765625
0 0.26640625 0.70703125 0.03515625 0.0453125
0 0.140625 0.96015625 0.03359375 0.05546875
0 0.1484375 0.60625 0.04296875 0.0578125
0 0.04609375 0.6375 0.0171875 0.02890625
0 0.04609375 0.678125 0.0265625 0.03203125
0 0.07890625 0.6859375 0.01953125 0.03359375
0 0.0125 0.67421875 0.01640625 0.03046875
0 0.21640625 0.79296875 0.02578125 0.03515625
0 0.190625 0.61171875 0.02578125 0.03359375
0 0.01640625 0.5484375 0.0328125 0.0625
0 0.13359375 0.36796875 0.021875 0.0375
0 0.13359375 0.334375 0.02890625 0.040625
0 0.1109375 0.3078125 0.03046875 0.03359375
0 0.13359375 0.278125 0.04765625 0.04921875
0 0.19296875 0.46171875 0.02890625 0.0421875
0 0.17109375 0.4671875 0.01640625 0.03203125
0 0.17421875 0.41953125 0.028125 0.0390625
0 0.21640625 0.41015625 0.03984375 0.05390625
0 0.2484375 0.62265625 0.01953125 0.03515625
0 0.275 0.60546875 0.02421875 0.03515625
0 0.25703125 0.353125 0.0328125 0.04375
0 0.26328125 0.4234375 0.01640625 0.025
0 0.0859375 0.26640625 0.01953125 0.025
0 0.03828125 0.18046875 0.0234375 0.03359375
0 0.303125 0.565625 0.0546875 0.07734375
0 0.3046875 0.50234375 0.03515625 0.04921875
0 0.3703125 0.56875 0.0859375 0.1265625
0 0.36875 0.66875 0.0140625 0.0234375
0 0.48984375 0.42109375 0.08359375 0.11015625
0 0.36640625 0.253125 0.03515625 0.05078125
0 0.553125 0.34609375 0.0421875 0.0578125
0 0.578125 0.30625 0.03359375 0.05546875
0 0.5 0.30234375 0.03125 0.04765625
0 0.45859375 0.3390625 0.0421875 0.059375
0 0.23125 0.8984375 0.0234375 0.02734375
0 0.22734375 0.8390625 0.01953125 0.025
0 0.24609375 0.6859375 0.0265625 0.0375
0 0.26875 0.478125 0.01875 0.0234375
0 0.12421875 0.58359375 0.021875 0.025
0 0.32578125 0.28125 0.02109375 0.025
0 0.0640625 0.334375 0.01640625 0.0203125
0 0.42578125 0.1671875 0.01953125 0.03046875
0 0.30234375 0.15625 0.03984375 0.05546875
0 0.33203125 0.1265625 0.02578125 0.03046875
0 0.3234375 0.18984375 0.02109375 0.025
0 0.278125 0.17734375 0.01875 0.03046875
0 0.24609375 0.16328125 0.02890625 0.0421875
0 0.23125 0.125 0.03515625 0.05390625
0 0.28828125 0.090625 0.02890625 0.0453125
0 0.31328125 0.07265625 0.01875 0.0234375
0 0.24765625 0.0734375 0.01875 0.02890625
0 0.23125 0.03828125 0.02109375 0.03515625
0 0.01640625 0.18984375 0.0328125 0.1015625
0 0.49375 0.10703125 0.021875 0.03203125
0 0.3609375 0.37734375 0.01640625 0.025
0 0.35 0.37421875 0.03125 0.03515625
0 0.5484375 0.121875 0.0359375 0.05078125
0 0.56484375 0.16953125 0.02578125 0.025
0 0.64140625 0.1953125 0.03984375 0.0625
0 0.5984375 0.1625 0.01640625 0.0203125
0 0.6671875 0.065625 0.03125 0.04765625
0 0.67578125 0.10625 0.02890625 0.04375
0 0.6015625 0.0875 0.028125 0.03359375
0 0.62421875 0.1046875 0.021875 0.03046875
0 0.64609375 0.0859375 0.02578125 0.03359375
0 0.61953125 0.11953125 0.028125 0.04375
0 0.60625 0.14375 0.02109375 0.02734375
0 0.68984375 0.15703125 0.01953125 0.03046875
0 0.70859375 0.08046875 0.03046875 0.0421875
0 0.71796875 0.03359375 0.01875 0.02734375
0 0.75390625 0.17734375 0.06640625 0.0875
0 0.765625 0.05625 0.05625 0.0796875
0 0.85625 0.3734375 0.040625 0.0609375
0 0.76640625 0.26328125 0.03359375 0.05078125
0 0.940625 0.17109375 0.02109375 0.03203125
0 0.65546875 0.54140625 0.028125 0.0421875
0 0.50546875 0.66796875 0.06640625 0.09296875
0 0.4421875 0.6921875 0.03046875 0.05078125
0 0.55390625 0.62578125 0.06015625 0.07578125
0 0.5828125 0.7109375 0.0328125 0.0640625
0 0.59921875 0.63359375 0.0375 0.05078125
0 0.5453125 0.69375 0.02890625 0.0421875
0 0.46640625 0.775 0.0234375 0.03046875
0 0.4484375 0.8390625 0.0234375 0.02890625
0 0.07265625 0.0484375 0.01953125 0.03203125
0 0.046875 0.01640625 0.02109375 0.025
0 0.01953125 0.0328125 0.021875 0.03515625
0 0.0125 0.0796875 0.025 0.08125
0 0.359375 0.125 0.02421875 0.040625
0 0.46015625 0.0921875 0.0265625 0.03515625
0 0.44453125 0.053125 0.028125 0.0421875
0 0.48671875 0.03046875 0.028125 0.0375
0 0.4578125 0.0171875 0.02890625 0.03359375
0 0.73828125 0.70703125 0.0453125 0.065625
0 0.83828125 0.728125 0.01484375 0.03046875
0 0.7921875 0.44375 0.03125 0.0421875
0 0.81953125 0.43125 0.03046875 0.02890625
0 0.71015625 0.721875 0.0265625 0.03515625
0 0.7109375 0.77734375 0.0234375 0.02734375
0 0.7015625 0.7 0.01640625 0.021875
0 0.73671875 0.659375 0.01875 0.02890625
0 0.81484375 0.50390625 0.0765625 0.1234375
0 0.721875 0.33125 0.04765625 0.0609375
0 0.68671875 0.39375 0.0375 0.0578125
0 0.58046875 0.51171875 0.03359375 0.040625
0 0.5453125 0.52421875 0.040625 0.05546875
0 0.56015625 0.559375 0.0265625 0.03359375
0 0.73125 0.38359375 0.01875 0.0234375
0 0.8640625 0.7296875 0.02890625 0.040625
0 0.91875 0.709375 0.0265625 0.040625
0 0.9625 0.65234375 0.01875 0.03046875
0 0.97578125 0.75234375 0.03828125 0.05546875
0 0.9234375 0.79140625 0.040625 0.05546875
0 0.7203125 0.890625 0.0421875 0.059375
0 0.72421875 0.940625 0.03515625 0.05078125
0 0.8390625 0.815625 0.05625 0.08125
0 0.8390625 0.88671875 0.0421875 0.0578125
0 0.84140625 0.93203125 0.03984375 0.0671875
0 0.80625 0.95 0.03828125 0.05546875
0 0.55078125 0.82578125 0.0453125 0.0578125
0 0.59453125 0.828125 0.04921875 0.06953125
0 0.5765625 0.8640625 0.01953125 0.03203125
0 0.9625 0.8375 0.0375 0.04765625
0 0.73125 0.80859375 0.02109375 0.0234375
0 0.42578125 0.9640625 0.03125 0.04375
0 0.4296875 0.921875 0.01875 0.03046875
0 0.44375 0.94296875 0.02109375 0.02890625
0 0.3953125 0.94296875 0.02421875 0.025
0 0.603125 0.9453125 0.0640625 0.08125
0 0.659375 0.91171875 0.02421875 0.03359375
0 0.82890625 0.98125 0.0484375 0.0375
0 0.86953125 0.49609375 0.0421875 0.0578125
0 0.85703125 0.55234375 0.040625 0.0578125
0 0.978125 0.5171875 0.0359375 0.05546875
0 0.68671875 0.63984375 0.0578125 0.08125
0 0.7296875 0.61484375 0.03515625 0.04765625