0 0.4640625 0.29921875 0.3703125 0.56015625
0 0.7359375 0.825 0.23828125 0.34453125
0 0.2109375 0.834375 0.22734375 0.33125
0 0.70234375 0.521875 0.18828125 0.28359375
0 0.8140625 0.2671875 0.17734375 0.2875
0 0.21015625 0.26015625 0.16484375 0.2671875
0 0.21171875 0.5203125 0.1875 0.3
0 0.49453125 0.73359375 0.2140625 0.3109375
0 0.3296875 0.64765625 0.15546875 0.25703125
0 0.90625 0.7203125 0.15703125 0.25859375
0 0.9328125 0.42421875 0.12109375 0.47109375
0 0.70546875 0.11015625 0.16015625 0.2203125
0 0.084375 0.36953125 0.14375 0.31640625
0 0.9375 0.91484375 0.10625 0.1703125
0 0.92734375 0.14765625 0.12421875 0.17421875
0 0.93828125 0.04921875 0.09921875 0.0984375
0 0.2359375 0.06953125 0.178125 0.1390625
0 0.43125 0.340625 0.1109375 0.16171875
0 0.0515625 0.67578125 0.0890625 0.3359375
0 0.3703125 0.94921875 0.1078125 0.10078125