0 0.5359375 0.70078125 0.3703125 0.56015625
0 0.2640625 0.175 0.23828125 0.34453125
0 0.7890625 0.165625 0.22734375 0.33125
0 0.29765625 0.478125 0.18828125 0.28359375
0 0.1859375 0.7328125 0.17734375 0.2875
0 0.78984375 0.73984375 0.16484375 0.2671875
0 0.78828125 0.4796875 0.1875 0.3
0 0.50546875 0.26640625 0.2140625 0.3109375
0 0.6703125 0.35234375 0.15546875 0.25703125
0 0.09375 0.2796875 0.15703125 0.25859375
0 0.0671875 0.57578125 0.12109375 0.47109375
0 0.29453125 0.88984375 0.16015625 0.2203125
0 0.915625 0.63046875 0.14375 0.31640625
0 0.0625 0.08515625 0.10625 0.1703125
0 0.07265625 0.85234375 0.12421875 0.17421875
0 0.06171875 0.95078125 0.09921875 0.0984375
0 0.7640625 0.93046875 0.178125 0.1390625
0 0.56875 0.659375 0.1109375 0.16171875
0 0.9484375 0.32421875 0.0890625 0.3359375
0 0.6296875 0.05078125 0.1078125 0.10078125