0 0.50625 0.49609375 0.39453125 0.5546875
0 0.77734375 0.87265625 0.09765625 0.13515625
0 0.86015625 0.928125 0.0640625 0.09140625
0 0.9125 0.68203125 0.175 0.2640625
0 0.48046875 0.5453125 0.03515625 0.04921875
0 0.5125 0.703125 0.025 0.03125
0 0.3421875 0.490625 0.09375 0.14296875
0 0.1921875 0.43203125 0.228125 0.30234375
0 0.89453125 0.65 0.0546875 0.06484375
0 0.965625 0.509375 0.0640625 0.10703125
0 0.84375 0.80234375 0.05859375 0.08359375
0 0.7859375 0.73203125 0.0953125 0.13515625
0 0.6984375 0.94140625 0.06875 0.0859375
0 0.66875 0.84921875 0.0953125 0.13515625
0 0.61875 0.9609375 0.09765625 0.078125
0 0.5859375 0.865625 0.078125 0.09140625
0 0.6 0.75390625 0.0859375 0.12265625
0 0.5 0.790625 0.0859375 0.0859375
0 0.83125 0.47890625 0.0640625 0.07265625
0 0.784375 0.59140625 0.146875 0.15625
0 0.91328125 0.51328125 0.0375 0.05703125
0 0.915625 0.37265625 0.16796875 0.234375
0 0.75703125 0.3578125 0.165625 0.23671875
0 0.96953125 0.1734375 0.05625 0.1171875
0 0.3546875 0.8609375 0.071875 0.09140625
0 0.2890625 0.8828125 0.09375 0.125
0 0.21015625 0.884375 0.0765625 0.1015625
0 0.234375 0.76328125 0.1171875 0.16171875
0 0.1390625 0.8734375 0.078125 0.1015625
0 0.07421875 0.94296875 0.0859375 0.09375
0 0.065625 0.78515625 0.13125 0.24765625
0 0.3359375 0.66015625 0.08203125 0.1328125
0 0.8296875 0.2109375 0.10546875 0.13515625
0 0.29375 0.97109375 0.0953125 0.05703125
0 0.17109375 0.828125 0.0328125 0.04140625
0 0.16875 0.95859375 0.134375 0.078125
0 0.17109375 0.7328125 0.0484375 0.0546875
0 0.184375 0.68203125 0.040625 0.05703125
0 0.2484375 0.62734375 0.10546875 0.11484375
0 0.13671875 0.6171875 0.0859375 0.125
0 0.0453125 0.6109375 0.08984375 0.1015625
0 0.0875 0.53359375 0.08203125 0.10390625
0 0.04765625 0.4359375 0.0953125 0.12265625
0 0.3421875 0.3515625 0.0625 0.10390625
0 0.41328125 0.2125 0.15 0.1953125
0 0.89453125 0.13515625 0.1328125 0.07265625
0 0.01796875 0.315625 0.0359375 0.11875
0 0.3171875 0.28359375 0.0484375 0.07265625
0 0.25625 0.2578125 0.0625 0.08828125
0 0.5609375 0.18984375 0.078125 0.08828125
0 0.5078125 0.14609375 0.08984375 0.078125
0 0.1703125 0.19140625 0.12109375 0.15859375
0 0.28203125 0.16171875 0.11875 0.125
0 0.1015625 0.2796875 0.0703125 0.10703125
0 0.06328125 0.33359375 0.021875 0.03125
0 0.0140625 0.51796875 0.02734375 0.07265625
0 0.346875 0.959375 0.0296875 0.03359375
0 0.05703125 0.178125 0.1140625 0.15625
0 0.45703125 0.228125 0.0390625 0.0703125
0 0.46796875 0.896875 0.2046875 0.20546875