0 0.49375 0.50390625 0.39453125 0.5546875
0 0.22265625 0.12734375 0.09765625 0.13515625
0 0.13984375 0.071875 0.0640625 0.09140625
0 0.0875 0.31796875 0.175 0.2640625
0 0.51953125 0.4546875 0.03515625 0.04921875
0 0.4875 0.296875 0.025 0.03125
0 0.6578125 0.509375 0.09375 0.14296875
0 0.8078125 0.56796875 0.228125 0.30234375
0 0.10546875 0.35 0.0546875 0.06484375
0 0.034375 0.490625 0.0640625 0.10703125
0 0.15625 0.19765625 0.05859375 0.08359375
0 0.2140625 0.26796875 0.0953125 0.13515625
0 0.3015625 0.05859375 0.06875 0.0859375
0 0.33125 0.15078125 0.0953125 0.13515625
0 0.38125 0.0390625 0.09765625 0.078125
0 0.4140625 0.134375 0.078125 0.09140625
0 0.4 0.24609375 0.0859375 0.12265625
0 0.5 0.209375 0.0859375 0.0859375
0 0.16875 0.52109375 0.0640625 0.07265625
0 0.215625 0.40859375 0.146875 0.15625
0 0.08671875 0.48671875 0.0375 0.05703125
0 0.084375 0.62734375 0.16796875 0.234375
0 0.24296875 0.6421875 0.165625 0.23671875
0 0.03046875 0.8265625 0.05625 0.1171875
0 0.6453125 0.1390625 0.071875 0.09140625
0 0.7109375 0.1171875 0.09375 0.125
0 0.78984375 0.115625 0.0765625 0.1015625
0 0.765625 0.23671875 0.1171875 0.16171875
0 0.8609375 0.1265625 0.078125 0.1015625
0 0.92578125 0.05703125 0.0859375 0.09375
0 0.934375 0.21484375 0.13125 0.24765625
0 0.6640625 0.33984375 0.08203125 0.1328125
0 0.1703125 0.7890625 0.10546875 0.13515625
0 0.70625 0.02890625 0.0953125 0.05703125
0 0.82890625 0.171875 0.0328125 0.04140625
0 0.83125 0.04140625 0.134375 0.078125
0 0.82890625 0.2671875 0.0484375 0.0546875
0 0.815625 0.31796875 0.040625 0.05703125
0 0.7515625 0.37265625 0.10546875 0.11484375
0 0.86328125 0.3828125 0.0859375 0.125
0 0.9546875 0.3890625 0.08984375 0.1015625
0 0.9125 0.46640625 0.08203125 0.10390625
0 0.95234375 0.5640625 0.0953125 0.12265625
0 0.6578125 0.6484375 0.0625 0.10390625
0 0.58671875 0.7875 0.15 0.1953125
0 0.10546875 0.86484375 0.1328125 0.07265625
0 0.98203125 0.684375 0.0359375 0.11875
0 0.6828125 0.71640625 0.0484375 0.07265625
0 0.74375 0.7421875 0.0625 0.08828125
0 0.4390625 0.81015625 0.078125 0.08828125
0 0.4921875 0.85390625 0.08984375 0.078125
0 0.8296875 0.80859375 0.12109375 0.15859375
0 0.71796875 0.83828125 0.11875 0.125
0 0.8984375 0.7203125 0.0703125 0.10703125
0 0.93671875 0.66640625 0.021875 0.03125
0 0.9859375 0.48203125 0.02734375 0.07265625
0 0.653125 0.040625 0.0296875 0.03359375
0 0.94296875 0.821875 0.1140625 0.15625
0 0.54296875 0.771875 0.0390625 0.0703125
0 0.53203125 0.103125 0.2046875 0.20546875