0 0.809375 0.0890625 0.14140625 0.171875
0 0.72578125 0.23046875 0.14296875 0.20703125
0 0.88125 0.209375 0.11015625 0.1453125
0 0.909375 0.4609375 0.165625 0.21875
0 0.88046875 0.746875 0.13125 0.1796875
0 0.76328125 0.8921875 0.15625 0.209375
0 0.6640625 0.55 0.159375 0.2015625
0 0.3984375 0.12265625 0.153125 0.20546875
0 0.49609375 0.275 0.1296875 0.17890625
0 0.28984375 0.28203125 0.15078125 0.19921875
0 0.46484375 0.4390625 0.1421875 0.18828125
0 0.534375 0.63515625 0.15078125 0.221875
0 0.58046875 0.88359375 0.1796875 0.2328125
0 0.7375 0.7046875 0.13984375 0.19140625
0 0.25390625 0.59609375 0.159375 0.21640625
0 0.25234375 0.79921875 0.153125 0.1921875
0 0.0984375 0.6671875 0.17734375 0.23984375
0 0.09296875 0.46015625 0.134375 0.18515625
0 0.4421875 0.80390625 0.13359375 0.1828125
0 0.0984375 0.275 0.12265625 0.1734375
0 0.64453125 0.36953125 0.13984375 0.1796875
0 0.81171875 0.55 0.09765625 0.1625
0 0.10859375 0.071875 0.13671875 0.14296875
0 0.2453125 0.06484375 0.134375 0.1296875
0 0.50703125 0.109375 0.07734375 0.1015625
0 0.04453125 0.84609375 0.0890625 0.16875
0 0.65 0.06171875 0.1640625 0.1234375
0 0.6 0.2171875 0.109375 0.16953125
0 0.87578125 0.35546875 0.1265625 0.12734375
0 0.96953125 0.3375 0.0609375 0.16953125
0 0.96796875 0.1640625 0.0640625 0.1875
0 0.93671875 0.5796875 0.1265625 0.2109375
0 0.9359375 0.93203125 0.12109375 0.13515625
0 0.1640625 0.9203125 0.1796875 0.15859375
0 0.0390625 0.1703125 0.078125 0.1796875
0 0.30625 0.42421875 0.140625 0.171875
0 0.20703125 0.3359375 0.08984375 0.13515625
0 0.21015625 0.20078125 0.1234375 0.16171875
0 0.38125 0.303125 0.11328125 0.1640625
0 0.02578125 0.34375 0.0515625 0.16875