0 0.809375 0.9109375 0.14140625 0.171875
0 0.72578125 0.76953125 0.14296875 0.20703125
0 0.88125 0.790625 0.11015625 0.1453125
0 0.909375 0.5390625 0.165625 0.21875
0 0.88046875 0.253125 0.13125 0.1796875
0 0.76328125 0.1078125 0.15625 0.209375
0 0.6640625 0.45 0.159375 0.2015625
0 0.3984375 0.87734375 0.153125 0.20546875
0 0.49609375 0.725 0.1296875 0.17890625
0 0.28984375 0.71796875 0.15078125 0.19921875
0 0.46484375 0.5609375 0.1421875 0.18828125
0 0.534375 0.36484375 0.15078125 0.221875
0 0.58046875 0.11640625 0.1796875 0.2328125
0 0.7375 0.2953125 0.13984375 0.19140625
0 0.25390625 0.40390625 0.159375 0.21640625
0 0.25234375 0.20078125 0.153125 0.1921875
0 0.0984375 0.3328125 0.17734375 0.23984375
0 0.09296875 0.53984375 0.134375 0.18515625
0 0.4421875 0.19609375 0.13359375 0.1828125
0 0.0984375 0.725 0.12265625 0.1734375
0 0.64453125 0.63046875 0.13984375 0.1796875
0 0.81171875 0.45 0.09765625 0.1625
0 0.10859375 0.928125 0.13671875 0.14296875
0 0.2453125 0.93515625 0.134375 0.1296875
0 0.50703125 0.890625 0.07734375 0.1015625
0 0.04453125 0.15390625 0.0890625 0.16875
0 0.65 0.93828125 0.1640625 0.1234375
0 0.6 0.7828125 0.109375 0.16953125
0 0.87578125 0.64453125 0.1265625 0.12734375
0 0.96953125 0.6625 0.0609375 0.16953125
0 0.96796875 0.8359375 0.0640625 0.1875
0 0.93671875 0.4203125 0.1265625 0.2109375
0 0.9359375 0.06796875 0.12109375 0.13515625
0 0.1640625 0.0796875 0.1796875 0.15859375
0 0.0390625 0.8296875 0.078125 0.1796875
0 0.30625 0.57578125 0.140625 0.171875
0 0.20703125 0.6640625 0.08984375 0.13515625
0 0.21015625 0.79921875 0.1234375 0.16171875
0 0.38125 0.696875 0.11328125 0.1640625
0 0.02578125 0.65625 0.0515625 0.16875