0 0.7421875 0.10390625 0.17421875 0.190625
0 0.51796875 0.42890625 0.109375 0.1734375
0 0.534375 0.28515625 0.1046875 0.1234375
0 0.64140625 0.25 0.109375 0.14921875
0 0.5640625 0.159375 0.07734375 0.1015625
0 0.625 0.05234375 0.109375 0.08203125
0 0.51484375 0.0640625 0.1140625 0.11015625
0 0.4171875 0.0453125 0.08359375 0.0734375
0 0.33125 0.05859375 0.0890625 0.1
0 0.246875 0.1 0.10625 0.1296875
0 0.1515625 0.06640625 0.16796875 0.11015625
0 0.14609375 0.1734375 0.06796875 0.1
0 0.0671875 0.08203125 0.03359375 0.04296875
0 0.0703125 0.13515625 0.0921875 0.11015625
0 0.059375 0.05703125 0.04453125 0.0671875
0 0.45234375 0.18828125 0.128125 0.1859375
0 0.30390625 0.25703125 0.14921875 0.253125
0 0.08203125 0.26015625 0.07890625 0.1
0 0.02421875 0.19140625 0.03671875 0.11015625
0 0.16875 0.334375 0.1 0.140625
0 0.35703125 0.3734375 0.0921875 0.11015625
0 0.74921875 0.303125 0.115625 0.19921875
0 0.6453125 0.47890625 0.17265625 0.24296875
0 0.45390625 0.36171875 0.06328125 0.08671875
0 0.40703125 0.35859375 0.02890625 0.04140625
0 0.88046875 0.25546875 0.17109375 0.246875
0 0.41171875 0.453125 0.08515625 0.1171875
0 0.359375 0.48984375 0.05390625 0.06484375
0 0.22578125 0.3390625 0.0265625 0.04140625
0 0.38046875 0.17421875 0.03671875 0.05390625
0 0.41796875 0.2796875 0.0234375 0.034375
0 0.91484375 0.11171875 0.07265625 0.08046875
0 0.93203125 0.465625 0.1078125 0.14765625
0 0.7796875 0.50390625 0.1171875 0.1671875
0 0.55703125 0.52890625 0.04765625 0.05234375
0 0.4765625 0.5359375 0.05703125 0.08046875
0 0.58359375 0.6 0.03671875 0.05234375
0 0.5234375 0.6109375 0.0859375 0.1296875
0 0.89140625 0.5859375 0.10859375 0.1484375
0 0.6921875 0.65390625 0.1 0.16171875
0 0.93046875 0.6875 0.090625 0.11875
0 0.80546875 0.734375 0.1671875 0.2265625
0 0.58359375 0.76640625 0.1796875 0.25859375
0 0.6890625 0.8390625 0.10390625 0.14765625
0 0.93984375 0.82109375 0.1015625 0.175
0 0.859375 0.8984375 0.07890625 0.115625
0 0.796875 0.89296875 0.05625 0.07109375
0 0.81875 0.96640625 0.08359375 0.034375
0 0.3875 0.61015625 0.13984375 0.1921875
0 0.27578125 0.46328125 0.04609375 0.06328125
0 0.28671875 0.39453125 0.0171875 0.0234375
0 0.2859375 0.56171875 0.07578125 0.10703125
0 0.4578125 0.7734375 0.10546875 0.1578125
0 0.3609375 0.75234375 0.090625 0.12734375
0 0.84765625 0.13828125 0.05234375 0.06953125
0 0.7984375 0.17734375 0.03984375 0.05234375
0 0.9109375 0.04140625 0.0953125 0.08203125
0 0.31796875 0.68671875 0.03515625 0.0609375
0 0.21875 0.64765625 0.0859375 0.1171875
0 0.27421875 0.69296875 0.05234375 0.078125
0 0.52421875 0.9296875 0.18984375 0.1171875
0 0.7015625 0.94453125 0.15859375 0.078125
0 0.37421875 0.903125 0.0859375 0.1125
0 0.31328125 0.865625 0.04453125 0.0671875
0 0.25234375 0.77890625 0.03359375 0.05
0 0.1890625 0.8015625 0.0890625 0.1171875
0 0.184375 0.9015625 0.05546875 0.078125
0 0.11015625 0.80703125 0.05390625 0.07578125
0 0.05390625 0.89921875 0.0921875 0.1734375
0 0.075 0.7453125 0.06171875 0.08671875
0 0.13828125 0.66953125 0.05546875 0.0734375
0 0.12578125 0.7296875 0.01875 0.02578125
0 0.25078125 0.8265625 0.025 0.02421875
0 0.253125 0.93828125 0.140625 0.1
0 0.06875 0.67734375 0.03046875 0.0453125
0 0.0890625 0.5515625 0.06796875 0.09296875
0 0.15078125 0.5890625 0.05546875 0.08203125
0 0.07578125 0.628125 0.04140625 0.05625
0 0.2078125 0.5640625 0.04609375 0.05390625
0 0.2328125 0.5125 0.04453125 0.0625
0 0.17421875 0.515625 0.04921875 0.078125
0 0.13359375 0.46484375 0.06484375 0.09765625
0 0.03203125 0.52734375 0.04609375 0.140625
0 0.0296875 0.64375 0.04140625 0.1
0 0.0203125 0.7484375 0.0234375 0.05859375
0 0.18203125 0.4296875 0.03828125 0.05390625
0 0.23515625 0.41796875 0.05546875 0.0734375
0 0.07734375 0.3671875 0.0921875 0.13125
0 0.07734375 0.46328125 0.0390625 0.06328125
0 0.1953125 0.1578125 0.0296875 0.0375
0 0.446875 0.89921875 0.0359375 0.053125
0 0.61171875 0.9296875 0.03828125 0.05625