0 0.80546875 0.63125 0.30234375 0.37890625
0 0.23671875 0.575 0.2046875 0.246875
0 0.10703125 0.21875 0.21328125 0.4375
0 0.30859375 0.23515625 0.33203125 0.3484375
0 0.62421875 0.1625 0.20546875 0.20546875
0 0.3640625 0.809375 0.24453125 0.32109375
0 0.865625 0.36953125 0.26875 0.346875
0 0.87421875 0.88203125 0.2515625 0.2359375
0 0.0875 0.49921875 0.17421875 0.215625
0 0.6171875 0.909375 0.20625 0.18125
0 0.12109375 0.7734375 0.2421875 0.34375
0 0.50859375 0.4875 0.45546875 0.43046875
0 0.85625 0.1609375 0.28671875 0.1921875
0 0.05234375 0.35625 0.1046875 0.16875