0 0.75625 0.12890625 0.10703125 0.165625
0 0.6671875 0.1078125 0.05234375 0.11171875
0 0.60625 0.0546875 0.07421875 0.09453125
0 0.45390625 0.2015625 0.08046875 0.1203125
0 0.4015625 0.32734375 0.0921875 0.13984375
0 0.05 0.38125 0.0921875 0.1296875
0 0.72265625 0.32109375 0.09609375 0.1328125
0 0.87265625 0.22578125 0.1 0.14375
0 0.88828125 0.08125 0.10234375 0.14296875
0 0.58828125 0.18359375 0.0703125 0.1015625
0 0.7609375 0.6078125 0.09609375 0.1296875
0 0.39453125 0.78359375 0.11796875 0.1484375
0 0.03203125 0.89921875 0.0546875 0.11171875
0 0.61171875 0.93984375 0.0703125 0.08515625
0 0.96015625 0.9015625 0.07265625 0.11015625
0 0.83671875 0.7671875 0.0828125 0.12734375
0 0.70078125 0.740625 0.09609375 0.15546875
0 0.93828125 0.3203125 0.08125 0.1171875
0 0.48046875 0.509375 0.06953125 0.11171875
0 0.19375 0.11796875 0.06171875 0.0859375
0 0.21015625 0.040625 0.0578125 0.06484375
0 0.64296875 0.4625 0.07421875 0.1
0 0.84609375 0.4453125 0.0546875 0.0734375
0 0.3046875 0.68203125 0.1 0.1203125
0 0.08828125 0.71484375 0.07734375 0.10703125
0 0.57265625 0.60546875 0.0828125 0.12265625
0 0.925 0.46875 0.06953125 0.06484375
0 0.33046875 0.15859375 0.0671875 0.0890625
0 0.41328125 0.05859375 0.06796875 0.09765625
0 0.02734375 0.115625 0.0546875 0.15
0 0.0890625 0.60546875 0.084375 0.10625
0 0.08671875 0.49921875 0.0703125 0.1
0 0.4046875 0.615625 0.0578125 0.0859375
0 0.4953125 0.61484375 0.084375 0.11328125
0 0.96796875 0.671875 0.03984375 0.0578125
0 0.19921875 0.43359375 0.0484375 0.0625
0 0.196875 0.3515625 0.07421875 0.1046875
0 0.29140625 0.465625 0.065625 0.0859375
0 0.6078125 0.3453125 0.075 0.0859375
0 0.62890625 0.809375 0.08046875 0.1046875
0 0.5140625 0.93671875 0.065625 0.1046875
0 0.5203125 0.34453125 0.0546875 0.090625
0 0.6515625 0.2171875 0.04609375 0.06796875
0 0.8015625 0.334375 0.065625 0.09296875
0 0.303125 0.29375 0.06875 0.078125
0 0.35390625 0.3828125 0.02890625 0.040625
0 0.5078125 0.253125 0.03359375 0.0484375
0 0.51171875 0.19375 0.04296875 0.06328125
0 0.7109375 0.471875 0.05078125 0.078125
0 0.8015625 0.51953125 0.065625 0.09296875
0 0.62734375 0.52421875 0.04921875 0.06953125
0 0.49921875 0.43984375 0.02421875 0.03359375
0 0.53671875 0.4375 0.06953125 0.1015625
0 0.5796875 0.271875 0.05859375 0.0765625
0 0.69921875 0.2328125 0.0140625 0.021875
0 0.28359375 0.203125 0.034375 0.05546875
0 0.27578125 0.3546875 0.03828125 0.0515625
0 0.246875 0.16875 0.0390625 0.0484375
0 0.7765625 0.40078125 0.0375 0.0515625
0 0.7265625 0.41875 0.02421875 0.03671875
0 0.559375 0.1078125 0.01875 0.028125
0 0.18671875 0.53515625 0.0453125 0.0640625
0 0.37734375 0.52578125 0.04921875 0.07421875
0 0.35859375 0.4609375 0.0328125 0.0484375
0 0.4328125 0.4328125 0.071875 0.09921875
0 0.42734375 0.38984375 0.0234375 0.03359375
0 0.41953125 0.45390625 0.02109375 0.03203125
0 0.91796875 0.58125 0.03984375 0.0515625
0 0.86015625 0.6015625 0.05 0.0703125
0 0.8 0.4484375 0.040625 0.05703125
0 0.7609375 0.459375 0.0453125 0.0609375
0 0.3828125 0.1609375 0.03515625 0.04453125
0 0.32578125 0.55078125 0.0484375 0.07578125
0 0.27734375 0.5484375 0.04296875 0.0609375
0 0.175 0.25625 0.05390625 0.071875
0 0.24921875 0.60078125 0.06328125 0.08125
0 0.409375 0.21015625 0.02578125 0.03984375
0 0.3484375 0.23515625 0.0296875 0.040625
0 0.2859375 0.15703125 0.01640625 0.025
0 0.6984375 0.55234375 0.05234375 0.07578125
0 0.253125 0.4109375 0.05078125 0.07578125
0 0.325 0.34765625 0.03359375 0.03203125
0 0.1328125 0.37421875 0.03828125 0.053125
0 0.884375 0.3828125 0.03515625 0.0484375
0 0.640625 0.3921875 0.034375 0.03671875
0 0.5140625 0.1453125 0.02734375 0.03359375
0 0.14921875 0.42734375 0.03046875 0.0484375
0 0.96328125 0.40625 0.05 0.065625
0 0.90703125 0.4125 0.04140625 0.04609375
0 0.91484375 0.46953125 0.05390625 0.06796875
0 0.953125 0.4625 0.01796875 0.03671875
0 0.93984375 0.53203125 0.04921875 0.06171875
0 0.9765625 0.54375 0.03046875 0.04453125
0 0.97421875 0.58984375 0.03671875 0.04921875
0 0.9375 0.765625 0.07109375 0.10234375
0 0.64375 0.884375 0.04921875 0.053125
0 0.89765625 0.9375 0.0625 0.09453125
0 0.8640625 0.51875 0.07109375 0.0765625
0 0.77265625 0.88359375 0.04921875 0.0625
0 0.73046875 0.903125 0.05234375 0.0609375
0 0.70234375 0.9484375 0.06015625 0.0890625
0 0.32265625 0.884375 0.04609375 0.0609375
0 0.32890625 0.8203125 0.04921875 0.06640625
0 0.35859375 0.94140625 0.07734375 0.08515625
0 0.2171875 0.86171875 0.05625 0.08515625
0 0.24140625 0.73125 0.06328125 0.090625
0 0.209375 0.80546875 0.0671875 0.071875
0 0.140625 0.80390625 0.0390625 0.05390625
0 0.08671875 0.8453125 0.034375 0.03984375
0 0.09609375 0.92890625 0.06328125 0.06953125
0 0.1625 0.95625 0.04375 0.05546875
0 0.1546875 0.71328125 0.06484375 0.07890625
0 0.04453125 0.76328125 0.06015625 0.06484375
0 0.2734375 0.8875 0.0296875 0.03984375
0 0.2078125 0.94765625 0.04765625 0.059375
0 0.0921875 0.209375 0.034375 0.05234375
0 0.30390625 0.09453125 0.0609375 0.06640625
0 0.12734375 0.13125 0.05234375 0.06640625
0 0.04609375 0.27421875 0.04140625 0.05234375
0 0.41328125 0.68125 0.040625 0.046875
0 0.3484375 0.61328125 0.03828125 0.05390625
0 0.53125 0.103125 0.01796875 0.03125
0 0.28515625 0.80625 0.015625 0.028125
0 0.303125 0.9609375 0.06875 0.0609375
0 0.09296875 0.20859375 0.028125 0.04375
0 0.6015625 0.71328125 0.08046875 0.11015625
0 0.53359375 0.70625 0.05234375 0.08515625
0 0.47265625 0.7578125 0.02421875 0.03125
0 0.4734375 0.7375 0.040625 0.06484375
0 0.5625 0.87421875 0.07734375 0.1015625
0 0.46796875 0.88671875 0.01484375 0.028125
0 0.85625 0.7 0.10859375 0.09765625
0 0.175 0.61640625 0.0625 0.0765625
0 0.46015625 0.340625 0.03515625 0.05546875
0 0.44765625 0.9296875 0.06015625 0.075
0 0.23515625 0.28046875 0.05 0.05390625
0 0.1171875 0.03515625 0.0515625 0.05546875
0 0.88828125 0.8265625 0.0625 0.09609375
0 0.828125 0.92265625 0.03515625 0.06796875
0 0.77109375 0.9546875 0.090625 0.08046875
0 0.32890625 0.4265625 0.0453125 0.05390625
0 0.65546875 0.3796875 0.03671875 0.046875
0 0.53984375 0.5359375 0.05625 0.0625
0 0.45546875 0.68125 0.05625 0.075
0 0.68125 0.65390625 0.040625 0.03671875
0 0.68203125 0.62734375 0.04921875 0.071875
0 0.03125 0.65859375 0.04375 0.06796875
0 0.0421875 0.51640625 0.03828125 0.0625
0 0.0984375 0.31484375 0.05390625 0.071875
0 0.503125 0.8125 0.034375 0.04375
0 0.4046875 0.90703125 0.03828125 0.06796875
0 0.384375 0.421875 0.0234375 0.03984375
0 0.7453125 0.52734375 0.03515625 0.03515625
0 0.18828125 0.18828125 0.05390625 0.059375
0 0.1359375 0.50625 0.03046875 0.0453125
0 0.23984375 0.46328125 0.02109375 0.0328125
0 0.21328125 0.48984375 0.02578125 0.0328125
0 0.2390625 0.1140625 0.040625 0.075
0 0.9625 0.0890625 0.03125 0.03359375
0 0.9625 0.12421875 0.03671875 0.040625
0 0.73046875 0.02578125 0.053125 0.03671875
0 0.5265625 0.04296875 0.06640625 0.0703125
0 0.65625 0.29921875 0.05 0.084375
0 0.65078125 0.5625 0.05 0.08671875
0 0.64375 0.63671875 0.03671875 0.0421875
0 0.79375 0.23515625 0.065625 0.10390625
0 0.25 0.97421875 0.0484375 0.04453125