0 0.24375 0.87109375 0.10703125 0.165625
0 0.3328125 0.8921875 0.05234375 0.11171875
0 0.39375 0.9453125 0.07421875 0.09453125
0 0.54609375 0.7984375 0.08046875 0.1203125
0 0.5984375 0.67265625 0.0921875 0.13984375
0 0.95 0.61875 0.0921875 0.1296875
0 0.27734375 0.67890625 0.09609375 0.1328125
0 0.12734375 0.77421875 0.1 0.14375
0 0.11171875 0.91875 0.10234375 0.14296875
0 0.41171875 0.81640625 0.0703125 0.1015625
0 0.2390625 0.3921875 0.09609375 0.1296875
0 0.60546875 0.21640625 0.11796875 0.1484375
0 0.96796875 0.10078125 0.0546875 0.11171875
0 0.38828125 0.06015625 0.0703125 0.08515625
0 0.03984375 0.0984375 0.07265625 0.11015625
0 0.16328125 0.2328125 0.0828125 0.12734375
0 0.29921875 0.259375 0.09609375 0.15546875
0 0.06171875 0.6796875 0.08125 0.1171875
0 0.51953125 0.490625 0.06953125 0.11171875
0 0.80625 0.88203125 0.06171875 0.0859375
0 0.78984375 0.959375 0.0578125 0.06484375
0 0.35703125 0.5375 0.07421875 0.1
0 0.15390625 0.5546875 0.0546875 0.0734375
0 0.6953125 0.31796875 0.1 0.1203125
0 0.91171875 0.28515625 0.07734375 0.10703125
0 0.42734375 0.39453125 0.0828125 0.12265625
0 0.075 0.53125 0.06953125 0.06484375
0 0.66953125 0.84140625 0.0671875 0.0890625
0 0.58671875 0.94140625 0.06796875 0.09765625
0 0.97265625 0.884375 0.0546875 0.15
0 0.9109375 0.39453125 0.084375 0.10625
0 0.91328125 0.50078125 0.0703125 0.1
0 0.5953125 0.384375 0.0578125 0.0859375
0 0.5046875 0.38515625 0.084375 0.11328125
0 0.03203125 0.328125 0.03984375 0.0578125
0 0.80078125 0.56640625 0.0484375 0.0625
0 0.803125 0.6484375 0.07421875 0.1046875
0 0.70859375 0.534375 0.065625 0.0859375
0 0.3921875 0.6546875 0.075 0.0859375
0 0.37109375 0.190625 0.08046875 0.1046875
0 0.4859375 0.06328125 0.065625 0.1046875
0 0.4796875 0.65546875 0.0546875 0.090625
0 0.3484375 0.7828125 0.04609375 0.06796875
0 0.1984375 0.665625 0.065625 0.09296875
0 0.696875 0.70625 0.06875 0.078125
0 0.64609375 0.6171875 0.02890625 0.040625
0 0.4921875 0.746875 0.03359375 0.0484375
0 0.48828125 0.80625 0.04296875 0.06328125
0 0.2890625 0.528125 0.05078125 0.078125
0 0.1984375 0.48046875 0.065625 0.09296875
0 0.37265625 0.47578125 0.04921875 0.06953125
0 0.50078125 0.56015625 0.02421875 0.03359375
0 0.46328125 0.5625 0.06953125 0.1015625
0 0.4203125 0.728125 0.05859375 0.0765625
0 0.30078125 0.7671875 0.0140625 0.021875
0 0.71640625 0.796875 0.034375 0.05546875
0 0.72421875 0.6453125 0.03828125 0.0515625
0 0.753125 0.83125 0.0390625 0.0484375
0 0.2234375 0.59921875 0.0375 0.0515625
0 0.2734375 0.58125 0.02421875 0.03671875
0 0.440625 0.8921875 0.01875 0.028125
0 0.81328125 0.46484375 0.0453125 0.0640625
0 0.62265625 0.47421875 0.04921875 0.07421875
0 0.64140625 0.5390625 0.0328125 0.0484375
0 0.5671875 0.5671875 0.071875 0.09921875
0 0.57265625 0.61015625 0.0234375 0.03359375
0 0.58046875 0.54609375 0.02109375 0.03203125
0 0.08203125 0.41875 0.03984375 0.0515625
0 0.13984375 0.3984375 0.05 0.0703125
0 0.2 0.5515625 0.040625 0.05703125
0 0.2390625 0.540625 0.0453125 0.0609375
0 0.6171875 0.8390625 0.03515625 0.04453125
0 0.67421875 0.44921875 0.0484375 0.07578125
0 0.72265625 0.4515625 0.04296875 0.0609375
0 0.825 0.74375 0.05390625 0.071875
0 0.75078125 0.39921875 0.06328125 0.08125
0 0.590625 0.78984375 0.02578125 0.03984375
0 0.6515625 0.76484375 0.0296875 0.040625
0 0.7140625 0.84296875 0.01640625 0.025
0 0.3015625 0.44765625 0.05234375 0.07578125
0 0.746875 0.5890625 0.05078125 0.07578125
0 0.675 0.65234375 0.03359375 0.03203125
0 0.8671875 0.62578125 0.03828125 0.053125
0 0.115625 0.6171875 0.03515625 0.0484375
0 0.359375 0.6078125 0.034375 0.03671875
0 0.4859375 0.8546875 0.02734375 0.03359375
0 0.85078125 0.57265625 0.03046875 0.0484375
0 0.03671875 0.59375 0.05 0.065625
0 0.09296875 0.5875 0.04140625 0.04609375
0 0.08515625 0.53046875 0.05390625 0.06796875
0 0.046875 0.5375 0.01796875 0.03671875
0 0.06015625 0.46796875 0.04921875 0.06171875
0 0.0234375 0.45625 0.03046875 0.04453125
0 0.02578125 0.41015625 0.03671875 0.04921875
0 0.0625 0.234375 0.07109375 0.10234375
0 0.35625 0.115625 0.04921875 0.053125
0 0.10234375 0.0625 0.0625 0.09453125
0 0.1359375 0.48125 0.07109375 0.0765625
0 0.22734375 0.11640625 0.04921875 0.0625
0 0.26953125 0.096875 0.05234375 0.0609375
0 0.29765625 0.0515625 0.06015625 0.0890625
0 0.67734375 0.115625 0.04609375 0.0609375
0 0.67109375 0.1796875 0.04921875 0.06640625
0 0.64140625 0.05859375 0.07734375 0.08515625
0 0.7828125 0.13828125 0.05625 0.08515625
0 0.75859375 0.26875 0.06328125 0.090625
0 0.790625 0.19453125 0.0671875 0.071875
0 0.859375 0.19609375 0.0390625 0.05390625
0 0.91328125 0.1546875 0.034375 0.03984375
0 0.90390625 0.07109375 0.06328125 0.06953125
0 0.8375 0.04375 0.04375 0.05546875
0 0.8453125 0.28671875 0.06484375 0.07890625
0 0.95546875 0.23671875 0.06015625 0.06484375
0 0.7265625 0.1125 0.0296875 0.03984375
0 0.7921875 0.05234375 0.04765625 0.059375
0 0.9078125 0.790625 0.034375 0.05234375
0 0.69609375 0.90546875 0.0609375 0.06640625
0 0.87265625 0.86875 0.05234375 0.06640625
0 0.95390625 0.72578125 0.04140625 0.05234375
0 0.58671875 0.31875 0.040625 0.046875
0 0.6515625 0.38671875 0.03828125 0.05390625
0 0.46875 0.896875 0.01796875 0.03125
0 0.71484375 0.19375 0.015625 0.028125
0 0.696875 0.0390625 0.06875 0.0609375
0 0.90703125 0.79140625 0.028125 0.04375
0 0.3984375 0.28671875 0.08046875 0.11015625
0 0.46640625 0.29375 0.05234375 0.08515625
0 0.52734375 0.2421875 0.02421875 0.03125
0 0.5265625 0.2625 0.040625 0.06484375
0 0.4375 0.12578125 0.07734375 0.1015625
0 0.53203125 0.11328125 0.01484375 0.028125
0 0.14375 0.3 0.10859375 0.09765625
0 0.825 0.38359375 0.0625 0.0765625
0 0.53984375 0.659375 0.03515625 0.05546875
0 0.55234375 0.0703125 0.06015625 0.075
0 0.76484375 0.71953125 0.05 0.05390625
0 0.8828125 0.96484375 0.0515625 0.05546875
0 0.11171875 0.1734375 0.0625 0.09609375
0 0.171875 0.07734375 0.03515625 0.06796875
0 0.22890625 0.0453125 0.090625 0.08046875
0 0.67109375 0.5734375 0.0453125 0.05390625
0 0.34453125 0.6203125 0.03671875 0.046875
0 0.46015625 0.4640625 0.05625 0.0625
0 0.54453125 0.31875 0.05625 0.075
0 0.31875 0.34609375 0.040625 0.03671875
0 0.31796875 0.37265625 0.04921875 0.071875
0 0.96875 0.34140625 0.04375 0.06796875
0 0.9578125 0.48359375 0.03828125 0.0625
0 0.9015625 0.68515625 0.05390625 0.071875
0 0.496875 0.1875 0.034375 0.04375
0 0.5953125 0.09296875 0.03828125 0.06796875
0 0.615625 0.578125 0.0234375 0.03984375
0 0.2546875 0.47265625 0.03515625 0.03515625
0 0.81171875 0.81171875 0.05390625 0.059375
0 0.8640625 0.49375 0.03046875 0.0453125
0 0.76015625 0.53671875 0.02109375 0.0328125
0 0.78671875 0.51015625 0.02578125 0.0328125
0 0.7609375 0.8859375 0.040625 0.075
0 0.0375 0.9109375 0.03125 0.03359375
0 0.0375 0.87578125 0.03671875 0.040625
0 0.26953125 0.97421875 0.053125 0.03671875
0 0.4734375 0.95703125 0.06640625 0.0703125
0 0.34375 0.70078125 0.05 0.084375
0 0.34921875 0.4375 0.05 0.08671875
0 0.35625 0.36328125 0.03671875 0.0421875
0 0.20625 0.76484375 0.065625 0.10390625
0 0.75 0.02578125 0.0484375 0.04453125