0 0.5921875 0.259375 0.296875 0.3875
0 0.1578125 0.32265625 0.17578125 0.234375
0 0.22421875 0.615625 0.2078125 0.26640625
0 0.0828125 0.74140625 0.053125 0.075
0 0.1671875 0.88515625 0.06484375 0.09609375
0 0.28359375 0.88359375 0.1953125 0.203125
0 0.61640625 0.9 0.1734375 0.2
0 0.615625 0.69609375 0.13828125 0.178125
0 0.93359375 0.215625 0.109375 0.14609375
0 0.36875 0.1625 0.11328125 0.14140625
0 0.15625 0.040625 0.171875 0.08125
0 0.03515625 0.359375 0.0703125 0.190625
0 0.82265625 0.39296875 0.10703125 0.146875
0 0.93671875 0.38046875 0.10234375 0.14140625
0 0.84765625 0.525 0.10078125 0.13046875
0 0.84453125 0.671875 0.12265625 0.15390625
0 0.95703125 0.7453125 0.0859375 0.1625
0 0.72109375 0.76015625 0.09375 0.134375
0 0.746875 0.6171875 0.09453125 0.1234375
0 0.5109375 0.50625 0.12734375 0.15390625
0 0.37734375 0.5109375 0.10703125 0.1390625
0 0.36328125 0.3375 0.14375 0.19453125
0 0.45859375 0.65390625 0.11953125 0.15
0 0.47734375 0.90703125 0.09765625 0.13359375
0 0.265625 0.20390625 0.090625 0.13046875
0 0.14609375 0.153125 0.09921875 0.121875
0 0.071875 0.20390625 0.07109375 0.0890625
0 0.05390625 0.08125 0.09765625 0.11796875
0 0.8328125 0.13203125 0.11484375 0.153125
0 0.7703125 0.24765625 0.08046875 0.1265625
0 0.67578125 0.5046875 0.128125 0.165625
0 0.23828125 0.09296875 0.09453125 0.12578125
0 0.2703125 0.4453125 0.09453125 0.128125
0 0.06015625 0.5515625 0.1203125 0.22578125
0 0.3609375 0.634375 0.0875 0.12421875
0 0.04296875 0.728125 0.0859375 0.1359375
0 0.13359375 0.7890625 0.13203125 0.1703125
0 0.121875 0.9359375 0.1 0.128125
0 0.4109375 0.79375 0.1234375 0.171875
0 0.52265625 0.78671875 0.096875 0.1296875
0 0.7984375 0.7953125 0.07109375 0.08359375
0 0.825 0.91015625 0.275 0.1796875
0 0.96640625 0.496875 0.0671875 0.18125
0 0.975 0.10703125 0.05 0.1484375
0 0.90859375 0.05625 0.08359375 0.109375
0 0.72421875 0.10703125 0.1109375 0.14453125
0 0.5796875 0.04609375 0.125 0.0921875
0 0.69921875 0.021875 0.0765625 0.04375
0 0.4640625 0.0421875 0.1015625 0.084375
0 0.33828125 0.04765625 0.13984375 0.0953125
0 0.02109375 0.19609375 0.0421875 0.14453125
0 0.4296875 0.23359375 0.0609375 0.1109375
0 0.0328125 0.89453125 0.06484375 0.2109375
0 0.4796875 0.13359375 0.05546875 0.08125