0 0.084375 0.06015625 0.1 0.0984375
0 0.02734375 0.14453125 0.05390625 0.06640625
0 0.27578125 0.090625 0.09609375 0.09453125
0 0.1046875 0.171875 0.0765625 0.075
0 0.49140625 0.24609375 0.1390625 0.14453125
0 0.121875 0.6 0.140625 0.1359375
0 0.2125 0.446875 0.078125 0.07890625
0 0.6953125 0.7234375 0.084375 0.0859375
0 0.57734375 0.39921875 0.115625 0.11796875
0 0.7296875 0.390625 0.12109375 0.1140625
0 0.86484375 0.18671875 0.115625 0.1125
0 0.825 0.375 0.0859375 0.096875
0 0.859375 0.44765625 0.0859375 0.0734375
0 0.9046875 0.38046875 0.08203125 0.075
0 0.91484375 0.31796875 0.0515625 0.046875
0 0.39609375 0.57890625 0.1359375 0.13359375
0 0.45078125 0.39921875 0.09296875 0.09296875
0 0.67109375 0.22578125 0.071875 0.0734375
0 0.671875 0.15390625 0.06796875 0.06953125
0 0.7484375 0.203125 0.09453125 0.09609375
0 0.671875 0.51953125 0.15859375 0.15546875
0 0.6421875 0.8796875 0.1125 0.090625
0 0.63046875 0.65234375 0.06640625 0.07890625
0 0.26796875 0.640625 0.15 0.15546875
0 0.31796875 0.7171875 0.03359375 0.0265625
0 0.08359375 0.69375 0.078125 0.06796875
0 0.2484375 0.8203125 0.11640625 0.115625
0 0.32890625 0.84296875 0.0359375 0.0390625
0 0.32890625 0.88984375 0.053125 0.05703125
0 0.57109375 0.7421875 0.16640625 0.159375
0 0.834375 0.853125 0.1390625 0.1359375
0 0.97890625 0.86640625 0.04140625 0.071875
0 0.8578125 0.9703125 0.04296875 0.03203125
0 0.72265625 0.97421875 0.090625 0.0515625
0 0.525 0.87265625 0.1140625 0.109375
0 0.77890625 0.578125 0.08046875 0.07890625
0 0.09140625 0.77109375 0.05546875 0.06640625
0 0.3625 0.08203125 0.06953125 0.0640625
0 0.359375 0.0203125 0.0765625 0.040625
0 0.79453125 0.02421875 0.075 0.0484375
0 0.5828125 0.01953125 0.0625 0.0390625
0 0.6453125 0.025 0.065625 0.05
0 0.7046875 0.0453125 0.1125 0.090625
0 0.78828125 0.103125 0.09609375 0.1
0 0.365625 0.196875 0.14140625 0.1390625
0 0.3203125 0.30625 0.109375 0.109375
0 0.178125 0.22734375 0.10546875 0.09609375
0 0.0875 0.253125 0.09140625 0.09140625
0 0.07265625 0.35234375 0.115625 0.10703125
0 0.93828125 0.1296875 0.0875 0.0875
0 0.91796875 0.04296875 0.1359375 0.08359375
0 0.37578125 0.77109375 0.090625 0.0921875
0 0.0484375 0.81171875 0.0578125 0.05390625
0 0.2734375 0.96015625 0.115625 0.0796875
0 0.4015625 0.875 0.09609375 0.0921875
0 0.51640625 0.5515625 0.11640625 0.11953125
0 0.44765625 0.48515625 0.0875 0.0875
0 0.584375 0.5359375 0.040625 0.046875
0 0.31484375 0.44609375 0.115625 0.125
0 0.409375 0.3359375 0.0734375 0.078125
0 0.50546875 0.3546875 0.0890625 0.084375
0 0.609375 0.29375 0.12109375 0.1125
0 0.590625 0.1890625 0.10859375 0.10859375
0 0.815625 0.65390625 0.096875 0.1
0 0.815625 0.7421875 0.09453125 0.09296875
0 0.9046875 0.78515625 0.05390625 0.05703125
0 0.93828125 0.70546875 0.1234375 0.1359375
0 0.953125 0.59375 0.09296875 0.09296875
0 0.91015625 0.509375 0.09296875 0.09296875
0 0.790625 0.490625 0.090625 0.0890625
0 0.1671875 0.84921875 0.0625 0.06796875
0 0.134375 0.31328125 0.07109375 0.07109375
0 0.246875 0.36640625 0.0875 0.0859375
0 0.1734375 0.40703125 0.05 0.04453125
0 0.190625 0.56875 0.04140625 0.04609375
0 0.19921875 0.61328125 0.034375 0.034375
0 0.390625 0.440625 0.059375 0.05546875
0 0.30078125 0.3703125 0.03203125 0.02890625
0 0.590625 0.44375 0.03203125 0.0265625
0 0.625 0.4578125 0.0390625 0.034375
0 0.68515625 0.62890625 0.0515625 0.05
0 0.25703125 0.4375 0.025 0.025
0 0.1 0.45078125 0.09453125 0.09609375
0 0.16015625 0.4859375 0.084375 0.078125
0 0.85546875 0.32890625 0.03046875 0.028125
0 0.93984375 0.41015625 0.0234375 0.02109375
0 0.89453125 0.621875 0.075 0.0765625
0 0.8671875 0.709375 0.040625 0.04296875
0 0.86640625 0.6421875 0.028125 0.03203125
0 0.45546875 0.95234375 0.1328125 0.0953125
0 0.05 0.9046875 0.096875 0.13203125
0 0.0265625 0.2890625 0.05234375 0.0578125
0 0.21015625 0.39765625 0.0265625 0.034375
0 0.13984375 0.3921875 0.03203125 0.034375
0 0.178125 0.378125 0.03046875 0.0234375
0 0.18046875 0.0375 0.10546875 0.075
0 0.43984375 0.0203125 0.075 0.03984375
0 0.621875 0.071875 0.06953125 0.0640625
0 0.93125 0.12265625 0.07109375 0.08203125
0 0.50625 0.4375 0.06796875 0.08046875
0 0.0265625 0.521875 0.0390625 0.03359375