0 0.915625 0.06015625 0.1 0.0984375
0 0.97265625 0.14453125 0.05390625 0.06640625
0 0.72421875 0.090625 0.09609375 0.09453125
0 0.8953125 0.171875 0.0765625 0.075
0 0.50859375 0.24609375 0.1390625 0.14453125
0 0.878125 0.6 0.140625 0.1359375
0 0.7875 0.446875 0.078125 0.07890625
0 0.3046875 0.7234375 0.084375 0.0859375
0 0.42265625 0.39921875 0.115625 0.11796875
0 0.2703125 0.390625 0.12109375 0.1140625
0 0.13515625 0.18671875 0.115625 0.1125
0 0.175 0.375 0.0859375 0.096875
0 0.140625 0.44765625 0.0859375 0.0734375
0 0.0953125 0.38046875 0.08203125 0.075
0 0.08515625 0.31796875 0.0515625 0.046875
0 0.60390625 0.57890625 0.1359375 0.13359375
0 0.54921875 0.39921875 0.09296875 0.09296875
0 0.32890625 0.22578125 0.071875 0.0734375
0 0.328125 0.15390625 0.06796875 0.06953125
0 0.2515625 0.203125 0.09453125 0.09609375
0 0.328125 0.51953125 0.15859375 0.15546875
0 0.3578125 0.8796875 0.1125 0.090625
0 0.36953125 0.65234375 0.06640625 0.07890625
0 0.73203125 0.640625 0.15 0.15546875
0 0.68203125 0.7171875 0.03359375 0.0265625
0 0.91640625 0.69375 0.078125 0.06796875
0 0.7515625 0.8203125 0.11640625 0.115625
0 0.67109375 0.84296875 0.0359375 0.0390625
0 0.67109375 0.88984375 0.053125 0.05703125
0 0.42890625 0.7421875 0.16640625 0.159375
0 0.165625 0.853125 0.1390625 0.1359375
0 0.02109375 0.86640625 0.04140625 0.071875
0 0.1421875 0.9703125 0.04296875 0.03203125
0 0.27734375 0.97421875 0.090625 0.0515625
0 0.475 0.87265625 0.1140625 0.109375
0 0.22109375 0.578125 0.08046875 0.07890625
0 0.90859375 0.77109375 0.05546875 0.06640625
0 0.6375 0.08203125 0.06953125 0.0640625
0 0.640625 0.0203125 0.0765625 0.040625
0 0.20546875 0.02421875 0.075 0.0484375
0 0.4171875 0.01953125 0.0625 0.0390625
0 0.3546875 0.025 0.065625 0.05
0 0.2953125 0.0453125 0.1125 0.090625
0 0.21171875 0.103125 0.09609375 0.1
0 0.634375 0.196875 0.14140625 0.1390625
0 0.6796875 0.30625 0.109375 0.109375
0 0.821875 0.22734375 0.10546875 0.09609375
0 0.9125 0.253125 0.09140625 0.09140625
0 0.92734375 0.35234375 0.115625 0.10703125
0 0.06171875 0.1296875 0.0875 0.0875
0 0.08203125 0.04296875 0.1359375 0.08359375
0 0.62421875 0.77109375 0.090625 0.0921875
0 0.9515625 0.81171875 0.0578125 0.05390625
0 0.7265625 0.96015625 0.115625 0.0796875
0 0.5984375 0.875 0.09609375 0.0921875
0 0.48359375 0.5515625 0.11640625 0.11953125
0 0.55234375 0.48515625 0.0875 0.0875
0 0.415625 0.5359375 0.040625 0.046875
0 0.68515625 0.44609375 0.115625 0.125
0 0.590625 0.3359375 0.0734375 0.078125
0 0.49453125 0.3546875 0.0890625 0.084375
0 0.390625 0.29375 0.12109375 0.1125
0 0.409375 0.1890625 0.10859375 0.10859375
0 0.184375 0.65390625 0.096875 0.1
0 0.184375 0.7421875 0.09453125 0.09296875
0 0.0953125 0.78515625 0.05390625 0.05703125
0 0.06171875 0.70546875 0.1234375 0.1359375
0 0.046875 0.59375 0.09296875 0.09296875
0 0.08984375 0.509375 0.09296875 0.09296875
0 0.209375 0.490625 0.090625 0.0890625
0 0.8328125 0.84921875 0.0625 0.06796875
0 0.865625 0.31328125 0.07109375 0.07109375
0 0.753125 0.36640625 0.0875 0.0859375
0 0.8265625 0.40703125 0.05 0.04453125
0 0.809375 0.56875 0.04140625 0.04609375
0 0.80078125 0.61328125 0.034375 0.034375
0 0.609375 0.440625 0.059375 0.05546875
0 0.69921875 0.3703125 0.03203125 0.02890625
0 0.409375 0.44375 0.03203125 0.0265625
0 0.375 0.4578125 0.0390625 0.034375
0 0.31484375 0.62890625 0.0515625 0.05
0 0.74296875 0.4375 0.025 0.025
0 0.9 0.45078125 0.09453125 0.09609375
0 0.83984375 0.4859375 0.084375 0.078125
0 0.14453125 0.32890625 0.03046875 0.028125
0 0.06015625 0.41015625 0.0234375 0.02109375
0 0.10546875 0.621875 0.075 0.0765625
0 0.1328125 0.709375 0.040625 0.04296875
0 0.13359375 0.6421875 0.028125 0.03203125
0 0.54453125 0.95234375 0.1328125 0.0953125
0 0.95 0.9046875 0.096875 0.13203125
0 0.9734375 0.2890625 0.05234375 0.0578125
0 0.78984375 0.39765625 0.0265625 0.034375
0 0.86015625 0.3921875 0.03203125 0.034375
0 0.821875 0.378125 0.03046875 0.0234375
0 0.81953125 0.0375 0.10546875 0.075
0 0.56015625 0.0203125 0.075 0.03984375
0 0.378125 0.071875 0.06953125 0.0640625
0 0.06875 0.12265625 0.07109375 0.08203125
0 0.49375 0.4375 0.06796875 0.08046875
0 0.9734375 0.521875 0.0390625 0.03359375