0 0.915625 0.93984375 0.1 0.0984375
0 0.97265625 0.85546875 0.05390625 0.06640625
0 0.72421875 0.909375 0.09609375 0.09453125
0 0.8953125 0.828125 0.0765625 0.075
0 0.50859375 0.75390625 0.1390625 0.14453125
0 0.878125 0.4 0.140625 0.1359375
0 0.7875 0.553125 0.078125 0.07890625
0 0.3046875 0.2765625 0.084375 0.0859375
0 0.42265625 0.60078125 0.115625 0.11796875
0 0.2703125 0.609375 0.12109375 0.1140625
0 0.13515625 0.81328125 0.115625 0.1125
0 0.175 0.625 0.0859375 0.096875
0 0.140625 0.55234375 0.0859375 0.0734375
0 0.0953125 0.61953125 0.08203125 0.075
0 0.08515625 0.68203125 0.0515625 0.046875
0 0.60390625 0.42109375 0.1359375 0.13359375
0 0.54921875 0.60078125 0.09296875 0.09296875
0 0.32890625 0.77421875 0.071875 0.0734375
0 0.328125 0.84609375 0.06796875 0.06953125
0 0.2515625 0.796875 0.09453125 0.09609375
0 0.328125 0.48046875 0.15859375 0.15546875
0 0.3578125 0.1203125 0.1125 0.090625
0 0.36953125 0.34765625 0.06640625 0.07890625
0 0.73203125 0.359375 0.15 0.15546875
0 0.68203125 0.2828125 0.03359375 0.0265625
0 0.91640625 0.30625 0.078125 0.06796875
0 0.7515625 0.1796875 0.11640625 0.115625
0 0.67109375 0.15703125 0.0359375 0.0390625
0 0.67109375 0.11015625 0.053125 0.05703125
0 0.42890625 0.2578125 0.16640625 0.159375
0 0.165625 0.146875 0.1390625 0.1359375
0 0.02109375 0.13359375 0.04140625 0.071875
0 0.1421875 0.0296875 0.04296875 0.03203125
0 0.27734375 0.02578125 0.090625 0.0515625
0 0.475 0.12734375 0.1140625 0.109375
0 0.22109375 0.421875 0.08046875 0.07890625
0 0.90859375 0.22890625 0.05546875 0.06640625
0 0.6375 0.91796875 0.06953125 0.0640625
0 0.640625 0.9796875 0.0765625 0.040625
0 0.20546875 0.97578125 0.075 0.0484375
0 0.4171875 0.98046875 0.0625 0.0390625
0 0.3546875 0.975 0.065625 0.05
0 0.2953125 0.9546875 0.1125 0.090625
0 0.21171875 0.896875 0.09609375 0.1
0 0.634375 0.803125 0.14140625 0.1390625
0 0.6796875 0.69375 0.109375 0.109375
0 0.821875 0.77265625 0.10546875 0.09609375
0 0.9125 0.746875 0.09140625 0.09140625
0 0.92734375 0.64765625 0.115625 0.10703125
0 0.06171875 0.8703125 0.0875 0.0875
0 0.08203125 0.95703125 0.1359375 0.08359375
0 0.62421875 0.22890625 0.090625 0.0921875
0 0.9515625 0.18828125 0.0578125 0.05390625
0 0.7265625 0.03984375 0.115625 0.0796875
0 0.5984375 0.125 0.09609375 0.0921875
0 0.48359375 0.4484375 0.11640625 0.11953125
0 0.55234375 0.51484375 0.0875 0.0875
0 0.415625 0.4640625 0.040625 0.046875
0 0.68515625 0.55390625 0.115625 0.125
0 0.590625 0.6640625 0.0734375 0.078125
0 0.49453125 0.6453125 0.0890625 0.084375
0 0.390625 0.70625 0.12109375 0.1125
0 0.409375 0.8109375 0.10859375 0.10859375
0 0.184375 0.34609375 0.096875 0.1
0 0.184375 0.2578125 0.09453125 0.09296875
0 0.0953125 0.21484375 0.05390625 0.05703125
0 0.06171875 0.29453125 0.1234375 0.1359375
0 0.046875 0.40625 0.09296875 0.09296875
0 0.08984375 0.490625 0.09296875 0.09296875
0 0.209375 0.509375 0.090625 0.0890625
0 0.8328125 0.15078125 0.0625 0.06796875
0 0.865625 0.68671875 0.07109375 0.07109375
0 0.753125 0.63359375 0.0875 0.0859375
0 0.8265625 0.59296875 0.05 0.04453125
0 0.809375 0.43125 0.04140625 0.04609375
0 0.80078125 0.38671875 0.034375 0.034375
0 0.609375 0.559375 0.059375 0.05546875
0 0.69921875 0.6296875 0.03203125 0.02890625
0 0.409375 0.55625 0.03203125 0.0265625
0 0.375 0.5421875 0.0390625 0.034375
0 0.31484375 0.37109375 0.0515625 0.05
0 0.74296875 0.5625 0.025 0.025
0 0.9 0.54921875 0.09453125 0.09609375
0 0.83984375 0.5140625 0.084375 0.078125
0 0.14453125 0.67109375 0.03046875 0.028125
0 0.06015625 0.58984375 0.0234375 0.02109375
0 0.10546875 0.378125 0.075 0.0765625
0 0.1328125 0.290625 0.040625 0.04296875
0 0.13359375 0.3578125 0.028125 0.03203125
0 0.54453125 0.04765625 0.1328125 0.0953125
0 0.95 0.0953125 0.096875 0.13203125
0 0.9734375 0.7109375 0.05234375 0.0578125
0 0.78984375 0.60234375 0.0265625 0.034375
0 0.86015625 0.6078125 0.03203125 0.034375
0 0.821875 0.621875 0.03046875 0.0234375
0 0.81953125 0.9625 0.10546875 0.075
0 0.56015625 0.9796875 0.075 0.03984375
0 0.378125 0.928125 0.06953125 0.0640625
0 0.06875 0.87734375 0.07109375 0.08203125
0 0.49375 0.5625 0.06796875 0.08046875
0 0.9734375 0.478125 0.0390625 0.03359375