0 0.2328125 0.18046875 0.1390625 0.24609375
0 0.37109375 0.32734375 0.1078125 0.2
0 0.315625 0.546875 0.125 0.20859375
0 0.5859375 0.2296875 0.12734375 0.221875
0 0.5703125 0.61171875 0.13203125 0.209375
0 0.7765625 0.771875 0.140625 0.228125
0 0.88203125 0.609375 0.10546875 0.19375
0 0.52265625 0.803125 0.16171875 0.2421875
0 0.2546875 0.8953125 0.11640625 0.1953125
0 0.834375 0.30625 0.13515625 0.2296875
0 0.71484375 0.5609375 0.09765625 0.15703125
0 0.115625 0.6515625 0.14375 0.259375
0 0.90625 0.14921875 0.121875 0.21328125
0 0.70859375 0.9109375 0.11484375 0.178125
0 0.44765625 0.42890625 0.103125 0.178125
0 0.48046875 0.27265625 0.10625 0.17578125
0 0.55234375 0.4171875 0.1171875 0.21015625
0 0.11640625 0.2 0.10078125 0.16328125
0 0.12421875 0.4046875 0.1125 0.2390625
0 0.46875 0.09140625 0.09765625 0.15859375
0 0.73203125 0.17890625 0.13203125 0.1890625
0 0.66875 0.3015625 0.0765625 0.1296875
0 0.6796875 0.684375 0.09375 0.15625
0 0.7828125 0.475 0.08671875 0.15546875
0 0.80078125 0.58828125 0.08359375 0.1390625
0 0.428125 0.68515625 0.1109375 0.175
0 0.3171875 0.73046875 0.1390625 0.19375
0 0.40625 0.84375 0.096875 0.16484375
0 0.2125 0.540625 0.09140625 0.17734375
0 0.2375 0.36484375 0.13359375 0.2140625
0 0.3359375 0.18203125 0.07421875 0.121875
0 0.14453125 0.8546875 0.13203125 0.21640625
0 0.64296875 0.5109375 0.08671875 0.17265625
0 0.734375 0.3484375 0.0796875 0.15703125
0 0.87890625 0.84140625 0.0890625 0.1609375
0 0.478125 0.56171875 0.0765625 0.146875
0 0.41015625 0.1875 0.084375 0.125
0 0.66875 0.40546875 0.0828125 0.11796875
0 0.39375 0.55078125 0.0625 0.1390625
0 0.21875 0.7515625 0.084375 0.1484375
0 0.35234375 0.90078125 0.07734375 0.12734375
0 0.040625 0.76796875 0.08125 0.19609375
0 0.0421875 0.4921875 0.084375 0.16953125
0 0.95625 0.7609375 0.0875 0.21015625
0 0.39140625 0.071875 0.0640625 0.1203125
0 0.15703125 0.05859375 0.0953125 0.1171875
0 0.03671875 0.30546875 0.0671875 0.21953125
0 0.81015625 0.0765625 0.10546875 0.153125
0 0.55234375 0.0640625 0.12265625 0.12734375
0 0.63515625 0.115625 0.06171875 0.12265625
0 0.6875 0.05078125 0.09375 0.096875
0 0.8109375 0.9328125 0.12421875 0.134375
0 0.07265625 0.04453125 0.0984375 0.0890625
0 0.2515625 0.03828125 0.1234375 0.0765625
0 0.62890625 0.8234375 0.07421875 0.15546875
0 0.49921875 0.9609375 0.10234375 0.0734375
0 0.03671875 0.91796875 0.06953125 0.12734375
0 0.34296875 0.034375 0.0640625 0.06875
0 0.3578125 0.10703125 0.0515625 0.078125
0 0.303125 0.1 0.0640625 0.0921875
0 0.02890625 0.15 0.0578125 0.121875
0 0.95703125 0.93515625 0.0859375 0.1296875