0 0.7671875 0.81953125 0.1390625 0.24609375
0 0.62890625 0.67265625 0.1078125 0.2
0 0.684375 0.453125 0.125 0.20859375
0 0.4140625 0.7703125 0.12734375 0.221875
0 0.4296875 0.38828125 0.13203125 0.209375
0 0.2234375 0.228125 0.140625 0.228125
0 0.11796875 0.390625 0.10546875 0.19375
0 0.47734375 0.196875 0.16171875 0.2421875
0 0.7453125 0.1046875 0.11640625 0.1953125
0 0.165625 0.69375 0.13515625 0.2296875
0 0.28515625 0.4390625 0.09765625 0.15703125
0 0.884375 0.3484375 0.14375 0.259375
0 0.09375 0.85078125 0.121875 0.21328125
0 0.29140625 0.0890625 0.11484375 0.178125
0 0.55234375 0.57109375 0.103125 0.178125
0 0.51953125 0.72734375 0.10625 0.17578125
0 0.44765625 0.5828125 0.1171875 0.21015625
0 0.88359375 0.8 0.10078125 0.16328125
0 0.87578125 0.5953125 0.1125 0.2390625
0 0.53125 0.90859375 0.09765625 0.15859375
0 0.26796875 0.82109375 0.13203125 0.1890625
0 0.33125 0.6984375 0.0765625 0.1296875
0 0.3203125 0.315625 0.09375 0.15625
0 0.2171875 0.525 0.08671875 0.15546875
0 0.19921875 0.41171875 0.08359375 0.1390625
0 0.571875 0.31484375 0.1109375 0.175
0 0.6828125 0.26953125 0.1390625 0.19375
0 0.59375 0.15625 0.096875 0.16484375
0 0.7875 0.459375 0.09140625 0.17734375
0 0.7625 0.63515625 0.13359375 0.2140625
0 0.6640625 0.81796875 0.07421875 0.121875
0 0.85546875 0.1453125 0.13203125 0.21640625
0 0.35703125 0.4890625 0.08671875 0.17265625
0 0.265625 0.6515625 0.0796875 0.15703125
0 0.12109375 0.15859375 0.0890625 0.1609375
0 0.521875 0.43828125 0.0765625 0.146875
0 0.58984375 0.8125 0.084375 0.125
0 0.33125 0.59453125 0.0828125 0.11796875
0 0.60625 0.44921875 0.0625 0.1390625
0 0.78125 0.2484375 0.084375 0.1484375
0 0.64765625 0.09921875 0.07734375 0.12734375
0 0.959375 0.23203125 0.08125 0.19609375
0 0.9578125 0.5078125 0.084375 0.16953125
0 0.04375 0.2390625 0.0875 0.21015625
0 0.60859375 0.928125 0.0640625 0.1203125
0 0.84296875 0.94140625 0.0953125 0.1171875
0 0.96328125 0.69453125 0.0671875 0.21953125
0 0.18984375 0.9234375 0.10546875 0.153125
0 0.44765625 0.9359375 0.12265625 0.12734375
0 0.36484375 0.884375 0.06171875 0.12265625
0 0.3125 0.94921875 0.09375 0.096875
0 0.1890625 0.0671875 0.12421875 0.134375
0 0.92734375 0.95546875 0.0984375 0.0890625
0 0.7484375 0.96171875 0.1234375 0.0765625
0 0.37109375 0.1765625 0.07421875 0.15546875
0 0.50078125 0.0390625 0.10234375 0.0734375
0 0.96328125 0.08203125 0.06953125 0.12734375
0 0.65703125 0.965625 0.0640625 0.06875
0 0.6421875 0.89296875 0.0515625 0.078125
0 0.696875 0.9 0.0640625 0.0921875
0 0.97109375 0.85 0.0578125 0.121875
0 0.04296875 0.06484375 0.0859375 0.1296875