0 0.9171875 0.684375 0.13671875 0.25390625
0 0.615625 0.76015625 0.1359375 0.27421875
0 0.734375 0.603125 0.13125 0.19296875
0 0.775 0.21796875 0.15 0.24140625
0 0.91640625 0.2359375 0.14609375 0.25625
0 0.81640625 0.8390625 0.1234375 0.18046875
0 0.7125 0.81953125 0.121875 0.2265625
0 0.61171875 0.32734375 0.11875 0.1953125
0 0.546875 0.44921875 0.084375 0.14921875
0 0.78515625 0.40390625 0.1015625 0.16953125
0 0.88671875 0.41171875 0.08359375 0.134375
0 0.83359375 0.53984375 0.075 0.12734375
0 0.53515625 0.86953125 0.07578125 0.159375
0 0.41796875 0.690625 0.1390625 0.2484375
0 0.1171875 0.75703125 0.14375 0.26796875
0 0.23359375 0.603125 0.1359375 0.20625
0 0.4140625 0.234375 0.15 0.253125
0 0.2734375 0.22734375 0.1421875 0.24765625
0 0.39140625 0.4125 0.08828125 0.1328125
0 0.28359375 0.40703125 0.09609375 0.1765625
0 0.1140625 0.32890625 0.12890625 0.20390625
0 0.31953125 0.83359375 0.11796875 0.1859375
0 0.20859375 0.83046875 0.125 0.2359375
0 0.0515625 0.44609375 0.0890625 0.15625
0 0.334375 0.5390625 0.07109375 0.1296875
0 0.18125 0.45078125 0.08125 0.19609375
0 0.11953125 0.1671875 0.075 0.13125
0 0.684375 0.43671875 0.071875 0.1515625
0 0.9484375 0.50390625 0.046875 0.096875
0 0.8828125 0.56640625 0.04296875 0.07734375
0 0.5296875 0.678125 0.059375 0.24140625
0 0.446875 0.503125 0.046875 0.08984375
0 0.03125 0.68046875 0.0625 0.24609375
0 0.0359375 0.8734375 0.071875 0.1640625
0 0.70078125 0.97109375 0.0625 0.05703125
0 0.9734375 0.9453125 0.0390625 0.0796875
0 0.38359375 0.56640625 0.04453125 0.07734375