0 0.22890625 0.7875 0.33828125 0.31171875
0 0.64140625 0.7140625 0.29609375 0.24765625
0 0.8625 0.8640625 0.25 0.19765625
0 0.909375 0.30546875 0.18125 0.2390625
0 0.47265625 0.53046875 0.21328125 0.2140625
0 0.09140625 0.24296875 0.1828125 0.2015625
0 0.42734375 0.32734375 0.14140625 0.1453125
0 0.759375 0.28046875 0.11875 0.1640625
0 0.33828125 0.10078125 0.16953125 0.11171875
0 0.33671875 0.625 0.11796875 0.11171875
0 0.71015625 0.534375 0.15078125 0.15078125
0 0.603125 0.4765625 0.11875 0.12265625
0 0.58671875 0.17109375 0.13046875 0.1328125
0 0.70390625 0.19375 0.12109375 0.11875
0 0.6734375 0.0984375 0.140625 0.103125
0 0.49453125 0.13359375 0.09453125 0.08984375
0 0.22421875 0.1875 0.14765625 0.13671875
0 0.39453125 0.17734375 0.08203125 0.1078125
0 0.91328125 0.746875 0.13984375 0.12578125
0 0.115625 0.4265625 0.13125 0.11484375
0 0.14296875 0.52578125 0.13515625 0.0921875
0 0.34765625 0.2203125 0.0890625 0.09375
0 0.51328125 0.41484375 0.06484375 0.06015625
0 0.95859375 0.63359375 0.0828125 0.0796875
0 0.84140625 0.1296875 0.0484375 0.0484375