0 0.77109375 0.7875 0.33828125 0.31171875
0 0.35859375 0.7140625 0.29609375 0.24765625
0 0.1375 0.8640625 0.25 0.19765625
0 0.090625 0.30546875 0.18125 0.2390625
0 0.52734375 0.53046875 0.21328125 0.2140625
0 0.90859375 0.24296875 0.1828125 0.2015625
0 0.57265625 0.32734375 0.14140625 0.1453125
0 0.240625 0.28046875 0.11875 0.1640625
0 0.66171875 0.10078125 0.16953125 0.11171875
0 0.66328125 0.625 0.11796875 0.11171875
0 0.28984375 0.534375 0.15078125 0.15078125
0 0.396875 0.4765625 0.11875 0.12265625
0 0.41328125 0.17109375 0.13046875 0.1328125
0 0.29609375 0.19375 0.12109375 0.11875
0 0.3265625 0.0984375 0.140625 0.103125
0 0.50546875 0.13359375 0.09453125 0.08984375
0 0.77578125 0.1875 0.14765625 0.13671875
0 0.60546875 0.17734375 0.08203125 0.1078125
0 0.08671875 0.746875 0.13984375 0.12578125
0 0.884375 0.4265625 0.13125 0.11484375
0 0.85703125 0.52578125 0.13515625 0.0921875
0 0.65234375 0.2203125 0.0890625 0.09375
0 0.48671875 0.41484375 0.06484375 0.06015625
0 0.04140625 0.63359375 0.0828125 0.0796875
0 0.15859375 0.1296875 0.0484375 0.0484375